

🔹 Activity: a01 — first 5 rows × 15 cols from s01.txt
       0       1       2         3         4         5        6         7   \
0  8.1305  1.0349  5.4217 -0.009461  0.001915 -0.003424 -0.78712 -0.069654   
1  8.1305  1.0202  5.3843 -0.009368  0.023485  0.001953 -0.78717 -0.068275   
2  8.1604  1.0201  5.3622  0.015046  0.014330  0.000204 -0.78664 -0.068277   
3  8.1603  1.0052  5.3770  0.006892  0.018045  0.005649 -0.78529 -0.069849   
4  8.1605  1.0275  5.3473  0.008811  0.030433 -0.005346 -0.78742 -0.068796   

        8        9       10      11        12        13        14  
0  0.15730  0.70097  5.6829  7.9812  0.003876 -0.005213 -0.001168  
1  0.15890  0.71829  5.6005  7.9712  0.012862 -0.005241 -0.003029  
2  0.15879  0.69849  5.6612  7.9568  0.021639 -0.010421  0.011992  
3  0.15912  0.72799  5.6393  7.9763  0.016440  0.001875  0.002322  
4  0.15916  0.71572  5.6441  7.9714  0.000286 -0.003408  0.002425  

🔹 Activity: a02 — first 5 rows × 15 cols from s01.txt
       0        1       2         3         4         5        6        7   \
0  8.4150  0.59607  4.9522 -0.014175  0.020415 -0.007553 -0.67835 -0.54797   
1  8.4074  0.58114  4.9968 -0.012419  0.016024 -0.000235 -0.67840 -0.54858   
2  8.4148  0.62520  5.0792  0.011207  0.037455  0.004271 -0.67821 -0.54893   
3  8.3850  0.58120  5.0265 -0.006789  0.042666 -0.016759 -0.67764 -0.54895   
4  8.4000  0.61065  5.0417 -0.001427  0.031929 -0.013054 -0.67704 -0.54919   

        8       9       10      11        12        13        14  
0 -0.11053  8.8929  3.3947  2.3538  0.011055 -0.005694  0.011147  
1 -0.11146  8.8732  3.4190  2.3417  0.000406  0.001344  0.005936  
2 -0.11277  8.9075  3.4092  2.3516 -0.011075  0.003876 -0.009956  
3 -0.11209  8.8706  3.4143  2.3052 -0.015722 -0.003947  0.004261  
4 -0.11312  8.8610  3.3489  2.2975  0.013893 -0.004938 -0.003113  

🔹 Activity: a03 — first 5 rows × 15 cols from s01.txt
       0        1       2         3         4         5        6        7   \
0 -4.8676 -0.48347  8.5751  0.008670  0.017324  0.000229  0.19523  0.53238   
1 -4.8527 -0.47624  8.5902 -0.000332  0.027230 -0.001647  0.19587  0.53077   
2 -4.8228 -0.46167  8.5905 -0.011188  0.019980 -0.014395  0.19529  0.53196   
3 -4.8381 -0.49159  8.6946  0.004205  0.027159 -0.007106  0.19453  0.53272   
4 -4.8229 -0.49118  8.5604  0.008713  0.024477 -0.001622  0.19503  0.53299   

        8        9       10      11        12        13        14  
0 -0.72827 -0.60784  1.3908  9.7056 -0.003695 -0.007452  0.001598  
1 -0.72635 -0.60314  1.4491  9.6961  0.014373  0.003043 -0.009156  
2 -0.72705 -0.61312  1.5000  9.6842 -0.000147 -0.000306  0.009623  
3 -0.72628 -0.60561  1.4297  9.6790  0.024193 -0.007612 -0.013744  
4 -0.72693 -0.60825  1.4976  9.6769  0.008742 -0.011820  0.007711  

🔹 Activity: a04 — first 5 rows × 15 cols from s01.txt
       0       1       2         3         4         5        6        7   \
0  2.2397 -7.7471  5.6405 -0.011793 -0.022100 -0.015429 -0.18545  0.28455   
1  2.2395 -7.7990  5.6409 -0.022672 -0.021980 -0.019060 -0.18479  0.28664   
2  2.2469 -7.7918  5.6035 -0.002638 -0.012470 -0.001721 -0.18459  0.28661   
3  2.2770 -7.7622  5.6553  0.010064 -0.004426 -0.007177 -0.18413  0.28534   
4  2.1877 -7.7317  5.6856  0.025320 -0.026863 -0.015493 -0.18365  0.28503   

        8       9       10      11        12        13        14  
0 -0.83500  3.8232 -8.2606  3.6693 -0.005426  0.005019  0.011750  
1 -0.83488  3.8500 -8.2631  3.6500 -0.013191 -0.017855 -0.002287  
2 -0.83597  3.8526 -8.2340  3.6548 -0.007925 -0.000155 -0.004207  
3 -0.83451  3.8476 -8.2461  3.6500 -0.009723 -0.003724 -0.000615  
4 -0.83575  3.8501 -8.2413  3.6475 -0.005307 -0.003781  0.006462  

🔹 Activity: a05 — first 5 rows × 15 cols from s01.txt
        0        1       2         3         4        5        6        7   \
0   6.0793 -0.56808  1.6164 -0.160450 -0.181370 -0.15781 -0.59826  0.53289   
1   6.8826 -0.56219  2.2417  0.039399  0.083757 -0.23243 -0.60381  0.52733   
2   8.3766 -0.56572  3.8419  0.055221 -0.097672 -0.17395 -0.60620  0.52102   
3  10.2610 -0.64111  4.0944  0.091911  0.033779 -0.14873 -0.60885  0.51650   
4  12.8570 -0.74633  2.9646  0.128110 -0.124260 -0.10585 -0.61434  0.51014   

        8        9        10       11       12        13        14  
0 -0.42936 -1.00050   5.7381 -1.17840  0.13509 -0.045581 -0.062205  
1 -0.42782 -1.27060   6.9713 -0.54755  0.17228 -0.230830 -0.210970  
2 -0.42840 -1.08050   9.4064 -0.29714  0.11717 -0.256400 -0.130250  
3 -0.42899 -0.22617  11.3960 -0.71047  0.05418 -0.126760 -0.116180  
4 -0.42626  0.68298  12.9000 -2.46210  0.20844 -0.009787 -0.028483  

🔹 Activity: a06 — first 5 rows × 15 cols from s01.txt
       0       1       2         3         4         5        6        7   \
0  7.6052  1.4873  2.8847 -0.270010 -0.044895 -0.091116 -0.46592 -0.62931   
1  7.8004  1.6424  2.5962 -0.122040 -0.101480 -0.017702 -0.46410 -0.63434   
2  8.0402  1.9000  2.5176 -0.002349 -0.022593  0.044166 -0.46355 -0.63207   
3  8.2623  1.8224  2.9739  0.000418  0.048287  0.107750 -0.46605 -0.63382   
4  7.6193  1.6328  3.5049 -0.150820  0.277720  0.164880 -0.47169 -0.62869   

        8       9       10      11        12        13        14  
0  0.24728  7.7038  3.6330  2.3488 -0.215130 -0.390480  0.081160  
1  0.24422  8.0664  3.5841  2.4261 -0.330240 -0.258040  0.043747  
2  0.24475  8.3263  3.1775  2.2776 -0.345010 -0.042008 -0.122160  
3  0.24467  8.3117  2.9842  2.1600 -0.197340  0.195560 -0.219960  
4  0.24521  7.6385  2.7116  1.9116  0.015581  0.332470 -0.283390  

🔹 Activity: a07 — first 5 rows × 15 cols from s01.txt
       0        1       2         3         4         5        6        7   \
0  8.8837  0.41748  3.7903  0.125400  0.013077  0.060497 -0.27524 -0.22864   
1  8.9884  0.53490  3.8515  0.164770  0.094286  0.050187 -0.28562 -0.23308   
2  9.0703  0.65191  4.0617  0.119260  0.048881  0.043047 -0.29134 -0.23537   
3  8.9960  0.63076  3.9417  0.099291  0.032765  0.037603 -0.29830 -0.23725   
4  8.9294  0.65405  3.8071  0.115680  0.047860  0.039372 -0.30490 -0.23999   

        8       9       10       11        12        13        14  
0 -0.38474  7.8552  5.8126  0.87743  0.013165 -0.011442 -0.000882  
1 -0.38303  7.8743  5.8277  0.76097  0.081443  0.058605  0.032720  
2 -0.37883  7.8941  5.8201  0.82910  0.065715  0.106280  0.025995  
3 -0.37584  7.8170  5.7389  1.07130  0.069503  0.139770  0.024346  
4 -0.37361  7.8033  5.6144  1.24560  0.070154  0.123930  0.036690  

🔹 Activity: a08 — first 5 rows × 15 cols from s01.txt
        0        1       2        3        4        5        6         7   \
0   8.4185 -1.02750  3.8097 -0.46069 -0.11313 -0.31831 -0.48668  0.061998   
1   8.3964 -0.85045  4.0419 -0.20638 -0.23713 -0.20889 -0.49113  0.058464   
2   8.2365 -0.63660  2.7441 -0.22716 -0.19239 -0.12711 -0.48922  0.059303   
3   9.9174 -1.02300  3.3810 -0.13644  0.22344 -0.12676 -0.48497  0.058485   
4  12.0660 -1.07710  5.2022 -0.18559  0.34469 -0.21277 -0.47883  0.058452   

        8       9       10      11        12       13       14  
0 -0.17936  1.8128  7.6866  9.4340  0.824540 -0.68311 -0.14007  
1 -0.17396  1.1122  5.7436  9.1705 -0.328890 -0.52812 -0.24040  
2 -0.16769  1.0717  5.3321  8.5389 -0.295070 -0.37100 -0.26571  
3 -0.17214  1.0950  5.9365  7.4239 -0.311630 -0.26331 -0.31118  
4 -0.17811  1.9419  7.0732  6.9823 -0.019319 -0.29765 -0.19433  

🔹 Activity: a09 — first 5 rows × 15 cols from s01.txt
       0       1       2        3         4         5        6         7   \
0  8.7247  2.1367  3.8272  0.29438 -0.251680 -0.150600 -0.57701  0.108630   
1  8.6209  2.0501  3.4529  0.23001 -0.260090 -0.132450 -0.58647  0.097419   
2  8.9343  2.0483  3.2762  0.20865 -0.343770 -0.101090 -0.59622  0.089638   
3  9.0687  2.0770  3.2327  0.19724 -0.240970 -0.061406 -0.60466  0.082541   
4  9.0529  1.9801  3.4110  0.23849 -0.098035 -0.009065 -0.61008  0.075034   

        8       9       10      11       12       13       14  
0 -0.69680  8.5859  3.5114  1.5754  0.49183 -0.22365  0.53161  
1 -0.69026  8.4998  3.7656  1.6440  0.25234 -0.38139  0.65014  
2 -0.68402  9.0870  3.7972  1.6186  0.16832 -0.42131  0.70586  
3 -0.67536  9.3614  3.7726  1.6785  0.25035 -0.35161  0.59712  
4 -0.67158  9.3395  3.9367  1.8347  0.26890 -0.27584  0.37331  

🔹 Activity: a10 — first 5 rows × 15 cols from s01.txt
       0         1       2        3        4         5        6        7   \
0  6.4472  0.794360  3.2343  0.33634  0.31322  0.089312 -0.73641 -0.24723   
1  6.2891  0.829760  3.9644  0.34678 -0.49918  0.058186 -0.74201 -0.25521   
2  7.3623  0.424280  3.1792  0.43363 -0.71590  0.048346 -0.76919 -0.26624   
3  8.6130  0.066788  3.0073  0.31020 -0.34540  0.126940 -0.78180 -0.27281   
4  9.8696 -0.146260  3.7539  0.21804 -0.26881  0.139410 -0.79531 -0.27476   

        8       9       10      11        12       13        14  
0 -0.78335  4.7357  5.9936  5.6514  0.086091  0.48218  0.222650  
1 -0.77550  5.1193  5.3028  5.6287  0.022156  0.47300 -0.032987  
2 -0.74970  4.4550  5.7868  6.3121 -0.012960  0.52344 -0.306330  
3 -0.73544  4.6347  6.2596  6.2862 -0.634500  0.19423 -0.560740  
4 -0.72334  4.7114  5.9082  6.2656 -0.617680  0.15886 -0.662470  

🔹 Activity: a11 — first 5 rows × 15 cols from s01.txt
       0         1       2         3        4         5        6        7   \
0  6.6557 -0.055184  3.0757 -0.094558  0.33710 -0.182210 -0.80156 -0.23641   
1  6.1990 -0.319740  3.4584  0.069893 -0.14144 -0.012154 -0.80332 -0.24006   
2  7.2951 -0.180350  3.4527  0.268480 -0.52003  0.118450 -0.81813 -0.24244   
3  8.5044  0.210300  3.3749  0.283280 -0.41806  0.157370 -0.83226 -0.24090   
4  9.5151 -0.214170  3.7529  0.128850 -0.23175  0.037909 -0.84461 -0.24146   

        8         9       10      11       12       13        14  
0 -0.72064 -0.801700  9.0186  3.6063  0.18784  0.24714  0.095229  
1 -0.71867  0.006799  8.9722  3.1590 -0.11589  0.27394 -0.351940  
2 -0.70116 -0.428610  8.6572  3.6288 -0.29185  0.30995 -0.682960  
3 -0.68579 -1.723700  8.6209  4.1408 -0.34926  0.30778 -0.894350  
4 -0.66953 -2.394200  8.2940  4.5726 -0.37575  0.21456 -1.020200  

🔹 Activity: a12 — first 5 rows × 15 cols from s01.txt
         0         1          2        3        4        5        6        7   \
0   0.81724  1.288600   0.018014  0.66980  0.55925  0.14177 -0.62865 -0.18386   
1   3.73310  0.476780   0.810810  0.65710 -1.03450  0.13341 -0.66446 -0.19578   
2  12.28000  2.450600   5.141400 -3.02610 -3.94530  0.56975 -0.75723 -0.14182   
3  21.35200 -2.861000   3.511800  1.52060  0.61876 -0.16076 -0.81792 -0.11266   
4  15.29700 -0.089672  10.005000  0.56109  1.20550  0.79281 -0.80930 -0.11132   

        8        9       10      11        12       13       14  
0 -0.84973  2.52290  4.8107  3.7858  0.215950  1.00510 -0.45513  
1 -0.81854  0.69066  9.1130  7.0460 -0.166320  1.41610 -0.71530  
2 -0.75214  0.72034  6.6792  7.9294 -0.192850  1.05530 -0.31006  
3 -0.69968 -3.34610  8.2290  9.3941 -0.090765  0.56552 -0.18769  
4 -0.71446  2.65380  8.8721  8.1555  0.014410 -0.19040  0.50919  

🔹 Activity: a13 — first 5 rows × 15 cols from s01.txt
        0        1       2         3         4         5        6        7   \
0   8.5370  0.16942  1.8751 -0.333680 -0.340950  0.079021 -0.70261 -0.25852   
1   9.3906 -0.32832  2.3633 -0.156250 -0.219140  0.004049 -0.70960 -0.25274   
2   9.4116 -0.63955  2.3390 -0.042168  0.025051  0.097992 -0.70949 -0.25604   
3  11.4220 -0.46698  3.3253  0.229030 -0.181110 -0.093838 -0.71701 -0.25414   
4  18.3360  2.27760  3.4105  0.527090 -1.250600 -0.436430 -0.73504 -0.27142   

        8        9       10      11        12       13      14  
0 -0.59242  6.83990  6.4814  4.8958 -1.954700  0.28264 -1.1951  
1 -0.58763  5.22860  2.5644  5.7162  0.130320  0.52802 -1.2384  
2 -0.58572  4.09870  8.6624  5.1879  0.614690  0.56314 -1.4265  
3 -0.58106  3.70450  8.4905  5.6416 -0.279470  0.45964 -1.2437  
4 -0.55301  0.42828  9.9652  7.5724 -0.057309  0.28831 -0.4732  

🔹 Activity: a14 — first 5 rows × 15 cols from s01.txt
        0        1       2         3         4         5        6        7   \
0   9.8146  0.56678  5.1355  1.065300 -0.229540  0.074801 -0.73492 -0.36283   
1  10.5310  1.51540  3.5804  0.871400  0.043271  0.009550 -0.74787 -0.38991   
2  10.2690  2.10160  2.0155  0.866330  0.330540 -0.134050 -0.75122 -0.42511   
3   9.6383  2.44950  1.4908  0.522780  0.477730 -0.075034 -0.74914 -0.45055   
4   8.4745  2.10380  1.3454 -0.020877  0.259400 -0.034844 -0.74597 -0.46306   

        8       9       10      11       12        13       14  
0 -0.44067 -6.1784  6.5536  9.0168  1.18670  0.059682  0.56881  
1 -0.42554 -7.4577  7.3255  7.8752  1.74530  0.409720  0.46100  
2 -0.42237 -8.5146  8.4054  6.2284  0.99546  0.296690  0.24419  
3 -0.43155 -7.9599  5.9810  6.1940  0.29256  0.236660 -0.35345  
4 -0.44970 -8.0102  4.8341  3.7851  0.14586  0.296610 -0.83766  

🔹 Activity: a15 — first 5 rows × 15 cols from s01.txt
       0       1       2         3         4         5        6        7   \
0  8.8547  2.5172  5.6712  0.098255 -0.342280 -0.050921 -0.62619 -0.23505   
1  8.7022  1.6966  5.5677 -0.168610 -0.090065 -0.021410 -0.62696 -0.23530   
2  7.9563  1.1351  4.8423 -0.171230  0.153620  0.069521 -0.62573 -0.23566   
3  7.9569  1.5039  5.2475 -0.110230  0.265090  0.117490 -0.62582 -0.23530   
4  8.4688  1.1872  5.6149 -0.130260  0.117320  0.171050 -0.62746 -0.23315   

         8       9       10      11        12        13        14  
0  0.059984  3.3461  8.7011  5.0740  0.079579  0.131460  0.089433  
1  0.065239  2.9214  8.0328  4.8982  0.034200  0.082337  0.238760  
2  0.063704  4.5925  7.2618  4.8636 -0.064284 -0.009572  0.185020  
3  0.064491  4.9111  7.0293  4.8232  0.104070 -0.068448  0.138890  
4  0.060846  3.8658  7.8737  4.7040 -0.095439 -0.188800  0.109590  

🔹 Activity: a16 — first 5 rows × 15 cols from s01.txt
       0       1       2         3         4         5        6        7   \
0  8.7083 -0.3995  5.0678 -1.175700  0.011421  0.120370 -0.87472  0.47981   
1  8.7788 -1.5610  4.5535 -1.440800  0.350330  0.277180 -0.86956  0.49493   
2  8.9129 -1.9814  3.8057 -0.716700  0.237310  0.260380 -0.86345  0.50845   
3  8.4972 -1.4827  4.0595 -0.093779  0.085624  0.094063 -0.85895  0.51836   
4  8.4532 -1.1870  4.2923 -0.029639 -0.469450  0.105670 -0.85770  0.52080   

         8        9       10      11       12        13       14  
0 -0.122210  1.02050  2.5600  8.4379 -0.61713  0.150590 -0.38958  
1 -0.101580 -0.23497  4.0050  9.4453  0.35188  0.213100 -0.23183  
2 -0.093093 -0.67437  5.0807  8.6115  0.43402  0.223150 -0.19683  
3 -0.082654 -0.65930  5.1527  8.7602 -0.22706 -0.025824 -0.16246  
4 -0.078914 -0.70385  5.3201  8.7510 -0.38340 -0.155030 -0.10494  

🔹 Activity: a17 — first 5 rows × 15 cols from s01.txt
       0        1       2         3        4         5        6        7   \
0  7.8978  1.30640  4.6354 -0.137230  1.17080 -0.139200 -0.47348 -0.19140   
1  7.4466  0.97258  5.6668 -0.367540  1.02590 -0.044956 -0.43664 -0.18032   
2  7.5963  1.31070  6.0208  0.062039  0.44233  0.034789 -0.41659 -0.17650   
3  7.8992  1.20110  6.8952 -0.105440  1.01750  0.037630 -0.39336 -0.17233   
4  7.5324  1.32630  7.8182 -0.265090  0.60797  0.015475 -0.35811 -0.16696   

        8        9       10      11       12       13      14  
0 -0.82454 -1.06580  2.8096  9.1895 -0.30473  0.48763 -1.2259  
1 -0.84818 -0.27705  1.9890  9.4142 -0.27894  0.45771 -1.1160  
2 -0.85550 -0.65312  2.7739  9.5467 -0.64431  0.44201 -1.1397  
3 -0.86759 -2.94990  1.7740  9.8099 -0.59608  0.38361 -1.1676  
4 -0.88662 -1.37580  2.0421  9.4855 -0.35370  0.37071 -1.3455  

🔹 Activity: a18 — first 5 rows × 15 cols from s01.txt
         0        1         2        3        4         5        6        7   \
0   0.58824 -0.46775   1.13470  0.28030 -0.28740  0.091622 -0.63178  0.49029   
1   1.57290 -0.42275   0.87383  0.50617  0.32787  0.091195 -0.62074  0.48747   
2   6.53150 -0.12955   6.56940  0.51402 -0.70918  0.233250 -0.59990  0.48578   
3  32.70000  3.52340  13.31300  0.44433 -0.97718 -0.382790 -0.60216  0.47855   
4  23.68600 -1.79300  13.91200 -0.29934  1.76930  0.305580 -0.60506  0.48405   

        8         9        10       11       12       13       14  
0 -0.22953 -0.343400  -1.6278  -1.2053 -0.29150  0.46988 -0.10609  
1 -0.24106  0.210960   1.3212  -1.3488  0.77721  0.85583 -0.12034  
2 -0.26952 -0.066273  14.9840  -1.3684  1.25390  1.01170  0.70000  
3 -0.24898  5.966700  26.6290   3.4733  1.04540 -0.21727  0.64992  
4 -0.22216  8.755100  26.4080  17.7800  0.84546  1.54260 -0.21585  

🔹 Activity: a19 — first 5 rows × 15 cols from s01.txt
        0         1       2        3         4         5        6        7   \
0  14.4420  3.772600  2.8641  0.20993 -0.061777  0.026943 -0.73288 -0.29558   
1  11.8020  2.703200  1.4197 -0.68598  0.433890  0.112600 -0.72957 -0.28442   
2   9.3930  1.162800  2.4657 -1.09840  0.524140  0.105930 -0.72026 -0.26318   
3   7.3962  0.473350  1.0436 -1.08830  0.266860  0.039275 -0.71369 -0.23397   
4   6.5668 -0.023664  1.0341 -0.68573  0.138540 -0.014443 -0.70882 -0.21003   

        8        9        10      11       12       13      14  
0 -0.56236 -0.99592  14.3830  4.2389 -0.17078  2.01320 -2.3100  
1 -0.57182  1.95910  15.4520  4.6046 -0.53848  1.48610 -2.8986  
2 -0.59445  0.20991  10.1420  2.9681 -0.90934  0.80133 -3.6934  
3 -0.61395  0.51040   6.0357  3.7167 -1.40470  0.81841 -3.8952  
4 -0.62582 -0.69861   3.1950  3.6161 -1.07490  0.94944 -3.7662
